Files/Velocity/Petterson/SG_velo_ESPG_3006.asc
ncols        37
nrows        66
xllcorner    649281.594344274141
yllcorner    7535636.752188078128
cellsize     19.994103138936
NODATA_value  -9999
[rows 0 to 24 of 66, columns 0 to 36 of 37]
-9999.0 -9999 -9999 -9999 -9999 -9999 -9999 -9999 -9999 -9999 -9999 -9999 -9999 -9999 -9999 -9999 -9999 -9999 -9999 -9999 -9999 -9999 -9999 -9999 -9999 -9999 -9999 -9999 -9999 -9999 -9999 -9999 -9999 -9999 -9999 -9999 -9999
-9999 -9999 -9999 -9999 -9999 -9999 -9999 -9999 -9999 -9999 -9999 -9999 -9999 -9999 -9999 -9999 -9999 -9999 -9999 -9999 -9999 -9999 -9999 -9999 -9999 -9999 -9999 -9999 -9999 -9999 -9999 -9999 -9999 -9999 -9999 -9999 -9999
-9999 -9999 -9999 -9999 -9999 -9999 -9999 -9999 -9999 -9999 -9999 -9999 -9999 -9999 -9999 -9999 -9999 -9999 -9999 -9999 -9999 -9999 -9999 -9999 -9999 -9999 -9999 -9999 -9999 -9999 -9999 -9999 -9999 -9999 -9999 -9999 -9999
-9999 -9999 -9999 -9999 -9999 -9999 -9999 -9999 -9999 -9999 -9999 -9999 -9999 -9999 -9999 -9999 -9999 -9999 0.00076244701631367206573 0.00054853700567036867142 -9999 -9999 -9999 -9999 -9999 -9999 -9999 -9999 -9999 -9999 -9999 -9999 -9999 -9999 -9999 -9999 -9999
-9999 -9999 -9999 -9999 -9999 -9999 -9999 -9999 -9999 -9999 -9999 -9999 -9999 -9999 -9999 -9999 -9999 0.00063300301553681492805 0.0002178730064770206809 -9999 -9999 -9999 -9999 -9999 -9999 -9999 -9999 -9999 -9999 -9999 -9999 -9999 -9999 -9999 -9999 -9999 -9999
-9999 -9999 -9999 -9999 -9999 -9999 -9999 -9999 -9999 -9999 -9999 -9999 -9999 -9999 -9999 -9999 -0.00030829399474896490574 -1.9959599740104749799e-05 -9999 -9999 -9999 -9999 -9999 -9999 -9999 -9999 -9999 -9999 -9999 -9999 -9999 -9999 -9999 -9999 -9999 -9999 -9999
-9999 -9999 -9999 -9999 -9999 -9999 -9999 -9999 -9999 -9999 -9999 -3.0936298571759834886e-05 -0.00030739500652998685837 -8.4972998593002557755e-05 -0.0024175900034606456757 -0.0042730900458991527557 -0.0025433299597352743149 -0.00020857999334111809731 -9999 -9999 -9999 -9999 -9999 -9999 -9999 -9999 -9999 -9999 -9999 -9999 -9999 -9999 -9999 -9999 -9999 -9999 -9999
-9999 -9999 -9999 -9999 -9999 -9999 -9999 -9999 -9999 -9999 0.000167303995112888515 -0.00092053797561675310135 -0.0062091299332678318024 -0.012804199941456317902 -0.016658000648021697998 -0.013995099812746047974 -0.0058111902326345443726 -9999 -9999 -9999 -9999 -9999 -9999 -9999 -9999 -9999 -9999 -9999 -9999 -9999 -9999 -9999 -9999 -9999 -9999 -9999 -9999
-9999 -9999 -9999 -9999 -9999 -9999 -9999 -9999 -9999 -9999 0.00087275699479505419731 -0.00067870900966227054596 -0.010443599894642829895 -0.023987699300050735474 -0.028787599876523017883 -0.021362099796533584595 -0.0066590798087418079376 -9999 -9999 -9999 -9999 -9999 -9999 -9999 -9999 0.0014311299892142415047 0.0079510696232318878174 0.0046343598514795303345 -9999 0.0028738500550389289856 -9999 -9999 0.000627932022325694561 0.001552529982291162014 -9999 -9999 -9999
-9999 -9999 -9999 -9999 -9999 -9999 -9999 -9999 -9999 -9999 -9999 0.0021059599239379167557 -0.0059270998463034629822 -0.019406599923968315125 -0.01719430088996887207 -0.0077934102155268192291 0.0014973799698054790497 -9999 -9999 0.0021416100207716226578 -9999 -9999 0.0019361099693924188614 0.0039020499680191278458 -9999 0.021702799946069717407 0.081428103148937225342 0.097803197801113128662 0.083101898431777954102 0.058403700590133666992 0.006583829876035451889 -9999 -0.0015523199690505862236 0.016075799241662025452 -9999 0.030722400173544883728 -9999
-9999 -9999 -9999 -9999 -9999 -9999 -9999 -9999 -9999 -9999 -9999 -9999 -9.6960502560250461102e-05 0.031426399946212768555 0.068236500024795532227 0.078391097486019134521 0.048436500132083892822 -9999 -9999 -9999 -0.00084905402036383748055 0.0085592595860362052917 0.066296398639678955078 0.12623000144958496094 0.1699129939079284668 0.25516098737716674805 0.34105598926544189453 0.37666499614715576172 0.36272001266479492188 0.31144499778747558594 0.2334969937801361084 0.15233999490737915039 0.15987800061702728271 0.20489999651908874512 0.22812800109386444092 0.27259901165962219238 -9999
-9999 -9999 -9999 -9999 -9999 0.0022807000204920768738 -9999 -9999 -9999 -9999 0.034621398895978927612 0.059089299291372299194 0.11211899667978286743 0.23078300058841705322 0.31759798526763916016 0.34063500165939331055 0.28986001014709472656 0.19118799269199371338 0.098659500479698181152 0.03648030012845993042 -0.00023775399313308298588 0.12366899847984313965 0.34115499258041381836 0.51949000358581542969 0.65636497735977172852 0.77190899848937988281 0.85683798789978027344 0.89060002565383911133 0.87223398685455322266 0.81436401605606079102 0.7361189723014831543 0.66975802183151245117 0.65530300140380859375 0.6793410181999206543 0.71034699678421020508 0.74625599384307861328 -9999
-9999 -9999 -9999 -9999 0.0014925299910828471184 0.010001200251281261444 -9999 -9999 0.027435699477791786194 0.08919569849967956543 0.23485900461673736572 0.37492600083351135254 0.52309197187423706055 0.68484401702880859375 0.81134897470474243164 0.86646801233291625977 0.8433380126953125 0.76328200101852416992 0.66142600774765014648 0.57789498567581176758 0.56935000419616699219 0.72764801979064941406 0.99074798822402954102 1.2343300580978393555 1.4232300519943237305 1.5558099746704101562 1.6315799951553344727 1.6502100229263305664 1.6205699443817138672 1.5602600574493408203 1.4901299476623535156 1.4325799942016601562 1.4046900272369384766 1.4033000469207763672 1.4141199588775634766 1.4275499582290649414 -9999
-9999 -9999 -9999 -9999 0.0018003500299528241158 0.03081749938428401947 0.024445200338959693909 0.053219899535179138184 0.22802500426769256592 0.4368819892406463623 0.67681497335433959961 0.92545902729034423828 1.1685400009155273438 1.392850041389465332 1.5691599845886230469 1.6727800369262695312 1.7002999782562255859 1.6704900264739990234 1.6169699430465698242 1.584179997444152832 1.6268600225448608398 1.7847599983215332031 2.0247099399566650391 2.2697501182556152344 2.4663500785827636719 2.5925500392913818359 2.6470999717712402344 2.6399300098419189453 2.5899000167846679688 2.5220301151275634766 2.4551699161529541016 2.3982899188995361328 2.3563098907470703125 2.3283600807189941406 2.3085300922393798828 2.2901599407196044922 -9999
-9999 -9999 -9999 -9999 0.017195800319314002991 0.15114900469779968262 0.27127999067306518555 0.43502798676490783691 0.6922289729118347168 1.0050499439239501953 1.3450100421905517578 1.6924500465393066406 2.0274100303649902344 2.3277800083160400391 2.5681200027465820312 2.7309100627899169922 2.8182699680328369141 2.8510999679565429688 2.8616700172424316406 2.8870899677276611328 2.9653100967407226562 3.1203999519348144531 3.3365099430084228516 3.5637600421905517578 3.746089935302734375 3.84832000732421875 3.8714599609375 3.8312900066375732422 3.7515900135040283203 3.6690199375152587891 3.600460052490234375 3.5362401008605957031 3.4741199016571044922 3.4152100086212158203 3.3590500354766845703 3.3034300804138183594 -9999
-9999 -9999 -9999 0.10294699668884277344 0.26097801327705383301 0.49518799781799316406 0.74906700849533081055 1.0359599590301513672 1.3812799453735351562 1.7785300016403198242 2.2077200412750244141 2.6470301151275634766 3.0720000267028808594 3.4550299644470214844 3.7671999931335449219 3.9907200336456298828 4.1344499588012695312 4.2242197990417480469 4.2917399406433105469 4.3638701438903808594 4.4620499610900878906 4.6125798225402832031 4.8114500045776367188 5.0237002372741699219 5.1925702095031738281 5.2644600868225097656 5.2580099105834960938 5.1907300949096679688 5.0822801589965820312 4.9805498123168945312 4.9026699066162109375 4.8178501129150390625 4.7247500419616699219 4.6275601387023925781 4.5299601554870605469 4.4335498809814453125 -9999
-9999 -9999 0.13828800618648529053 0.44447800517082214355 0.75531697273254394531 1.0880899429321289062 1.4418100118637084961 1.823269963264465332 2.2478799819946289062 2.7195401191711425781 3.2278499603271484375 3.7520198822021484375 4.2636599540710449219 4.7299098968505859375 5.1154799461364746094 5.3917999267578125 5.579010009765625 5.7072300910949707031 5.8095898628234863281 5.9100799560546875 6.0158700942993164062 6.1624398231506347656 6.3487200736999511719 6.5453400611877441406 6.6997199058532714844 6.7615199089050292969 6.7468500137329101562 6.67378997802734375 6.5624699592590332031 6.4448900222778320312 6.3315601348876953125 6.2072701454162597656 6.0702900886535644531 5.9268198013305664062 5.7834100723266601562 5.6442799568176269531 -9999
-9999 0.20869499444961547852 0.59521198272705078125 1.0327700376510620117 1.4690500497817993164 1.8980200290679931641 2.3279199600219726562 2.774539947509765625 3.2573699951171875 3.7885799407958984375 4.3649601936340332031 4.9663400650024414062 5.5587902069091796875 6.1005997657775878906 6.5480799674987792969 6.8716897964477539062 7.0869998931884765625 7.2285399436950683594 7.3342299461364746094 7.433380126953125 7.5465798377990722656 7.6937999725341796875 7.8735499382019042969 8.05821990966796875 8.2039403915405273438 8.2762498855590820312 8.2739696502685546875 8.2124996185302734375 8.1093997955322265625 7.979579925537109375 7.8279500007629394531 7.6542201042175292969 7.4646501541137695312 7.2697701454162597656 7.0787901878356933594 6.8975400924682617188 -9999
0.28868699073791503906 0.78104597330093383789 1.3193900585174560547 1.8728699684143066406 2.4063799381256103516 2.9071900844573974609 3.3852601051330566406 3.865570068359375 4.3787097930908203125 4.9485502243041992188 5.5793199539184570312 6.24954986572265625 6.9169201850891113281 7.5278301239013671875 8.0283002853393554688 8.3848199844360351562 8.6058797836303710938 8.7331104278564453125 8.8165102005004882812 8.8976602554321289062 9.0051097869873046875 9.1527395248413085938 9.33419036865234375 9.5220403671264648438 9.6759796142578125 9.7627897262573242188 9.7766599655151367188 9.7319803237915039062 9.6416301727294921875 9.5065698623657226562 9.3227396011352539062 9.0988397598266601562 8.8549604415893554688 8.6092395782470703125 8.3735704421997070312 8.1545095443725585938 -9999
1.0385299921035766602 1.6413199901580810547 2.2975199222564697266 2.948780059814453125 3.5552299022674560547 4.0992498397827148438 4.5933299064636230469 5.0729398727416992188 5.5834298133850097656 6.1658501625061035156 6.8348097801208496094 7.5640997886657714844 8.2996196746826171875 8.9760303497314453125 9.5241603851318359375 9.8924999237060546875 10.088199615478515625 10.171799659729003906 10.211099624633789062 10.259099960327148438 10.350500106811523438 10.496399879455566406 10.685400009155273438 10.889100074768066406 11.064100265502929688 11.165599822998046875 11.189000129699707031 11.159099578857421875 11.087100028991699219 10.9589996337890625 10.749300003051757812 10.477899551391601562 10.185700416564941406 9.8973102569580078125 9.6257696151733398438 9.377559661865234375 -9999
2.0743100643157958984 2.7599000930786132812 3.4992699623107910156 4.227680206298828125 4.8882598876953125 5.4498200416564941406 5.9300198554992675781 6.37722015380859375 6.8504800796508789062 7.4151201248168945312 8.1048898696899414062 8.8784303665161132812 9.6647100448608398438 10.393899917602539062 10.983699798583984375 11.341400146484375 11.475999832153320312 11.491900444030761719 11.47299957275390625 11.477800369262695312 11.547499656677246094 11.689200401306152344 11.884099960327148438 12.104299545288085938 12.307499885559082031 12.418299674987792969 12.440799713134765625 12.421400070190429688 12.369000434875488281 12.263299942016601562 12.033300399780273438 11.726599693298339844 11.404199600219726562 11.090299606323242188 10.797699928283691406 10.532799720764160156 -9999
3.2972199916839599609 4.0527601242065429688 4.8578200340270996094 5.6512498855590820312 6.3587198257446289062 6.9182801246643066406 7.3665399551391601562 7.7671899795532226562 8.179439544677734375 8.692020416259765625 9.3877801895141601562 10.175700187683105469 10.968000411987304688 11.704700469970703125 12.314900398254394531 12.638199806213378906 12.688099861145019531 12.638600349426269531 12.568300247192382812 12.530300140380859375 12.57830047607421875 12.710599899291992188 12.898799896240234375 13.115599632263183594 13.318900108337402344 13.4375 13.472399711608886719 13.464699745178222656 13.419099807739257812 13.310999870300292969 13.091500282287597656 12.793000221252441406 12.471500396728515625 12.155300140380859375 11.859700202941894531 11.592700004577636719 -9999
4.6260199546813964844 5.4382200241088867188 6.2904200553894042969 7.1292400360107421875 7.8815999031066894531 8.4306402206420898438 8.8600797653198242188 9.2358903884887695312 9.6099100112915039062 10.068300247192382812 10.726300239562988281 11.457799911499023438 12.178000450134277344 12.833299636840820312 13.354200363159179688 13.621899604797363281 13.649499893188476562 13.575300216674804688 13.482099533081054688 13.425600051879882812 13.450099945068359375 13.557900428771972656 13.723299980163574219 13.915200233459472656 14.093400001525878906 14.216199874877929688 14.274200439453125 14.281000137329101562 14.237700462341308594 14.127099990844726562 13.9319000244140625 13.668199539184570312 13.372699737548828125 13.074899673461914062 12.793100357055664062 12.537599563598632812 -9999
5.9997501373291015625 6.8524198532104492188 7.7287502288818359375 8.575969696044921875 9.3220701217651367188 9.9053401947021484375 10.360799789428710938 10.751700401306152344 11.1352996826171875 11.579400062561035156 12.124400138854980469 12.71739959716796875 13.289799690246582031 13.789899826049804688 14.16230010986328125 14.354399681091308594 14.378000259399414062 14.306799888610839844 14.212599754333496094 14.15019989013671875 14.15579986572265625 14.236300468444824219 14.373000144958496094 14.535699844360351562 14.690799713134765625 14.810000419616699219 14.8805999755859375 14.900400161743164062 14.865799903869628906 14.767399787902832031 14.599200248718261719 14.372500419616699219 14.112799644470214844 13.845499992370605469 13.589400291442871094 13.356100082397460938 -9999
7.3751201629638671875 8.2543001174926757812 9.14015960693359375 9.9832897186279296875 10.727700233459472656 11.338199615478515625 11.8302001953125 12.250699996948242188 12.648500442504882812 13.060299873352050781 13.493200302124023438 13.920399665832519531 14.307600021362304688 14.624799728393554688 14.843600273132324219 14.946599960327148438 14.943699836730957031 14.871500015258789062 14.778200149536132812 14.709400177001953125 14.699899673461914062 14.760100364685058594 14.873000144958496094 15.010600090026855469 15.145199775695800781 15.256299972534179688 15.330900192260742188 15.359999656677246094 15.337900161743164062 15.258700370788574219 15.118700027465820312 14.926300048828125 14.703499794006347656 14.472100257873535156 14.248499870300292969 14.04380035400390625 -9999
