Files/Velocity/Petterson/SG_velo_ESPG_3006.asc
ncols        37
nrows        66
xllcorner    649281.594344274141
yllcorner    7535636.752188078128
cellsize     19.994103138936
NODATA_value  -9999
[rows 25 to 49 of 66, columns 0 to 36 of 37]
8.7215299606323242188 9.6176595687866210938 10.508000373840332031 11.34980010986328125 12.097399711608886719 12.720999717712402344 13.231499671936035156 13.668399810791015625 14.067299842834472656 14.440199851989746094 14.7667999267578125 15.027199745178222656 15.225500106811523438 15.362000465393066406 15.432399749755859375 15.4430999755859375 15.401599884033203125 15.317099571228027344 15.216300010681152344 15.134699821472167969 15.109700202941894531 15.157199859619140625 15.253199577331542969 15.370800018310546875 15.486800193786621094 15.586299896240234375 15.658800125122070312 15.69120025634765625 15.678600311279296875 15.618499755859375 15.505499839782714844 15.343600273132324219 15.157400131225585938 14.963899612426757812 14.776000022888183594 14.603099822998046875 -9999
10.015899658203125 10.921299934387207031 11.812000274658203125 12.652199745178222656 13.401800155639648438 14.020299911499023438 14.522000312805175781 14.9496002197265625 15.330699920654296875 15.664999961853027344 15.896699905395507812 15.996500015258789062 16.025899887084960938 16.008699417114257812 15.950300216674804688 15.876600265502929688 15.794199943542480469 15.687100410461425781 15.571200370788574219 15.473099708557128906 15.429800033569335938 15.465999603271484375 15.545499801635742188 15.644800186157226562 15.744500160217285156 15.830599784851074219 15.892100334167480469 15.919199943542480469 15.907799720764160156 15.8572998046875 15.765199661254882812 15.636199951171875 15.487999916076660156 15.333499908447265625 15.182299613952636719 15.041700363159179688 -9999
11.240400314331054688 12.146900177001953125 13.029500007629394531 13.856699943542480469 14.593000411987304688 15.18939971923828125 15.66230010986328125 16.053300857543945312 16.384799957275390625 16.656200408935546875 16.800100326538085938 16.7751007080078125 16.68759918212890625 16.567600250244140625 16.42729949951171875 16.287500381469726562 16.15309906005859375 16.013299942016601562 15.87689971923828125 15.766200065612792969 15.709500312805175781 15.719099998474121094 15.775600433349609375 15.854900360107421875 15.937199592590332031 16.006799697875976562 16.0522003173828125 16.066400527954101562 16.047700881958007812 15.998000144958496094 15.921299934387207031 15.823599815368652344 15.712900161743164062 15.596699714660644531 15.4813995361328125 15.371999740600585938 -9999
12.382100105285644531 13.281900405883789062 14.146800041198730469 14.945400238037109375 15.642200469970703125 16.206300735473632812 16.640899658203125 16.971599578857421875 17.217599868774414062 17.3777008056640625 17.42169952392578125 17.34709930419921875 17.207399368286132812 17.037500381469726562 16.853399276733398438 16.667999267578125 16.486600875854492188 16.310100555419921875 16.147600173950195312 16.0177001953125 15.941100120544433594 15.925299644470214844 15.957799911499023438 16.01670074462890625 16.080499649047851562 16.131500244140625 16.15760040283203125 16.153900146484375 16.121500015258789062 16.066900253295898438 16.0009002685546875 15.929599761962890625 15.853199958801269531 15.772299766540527344 15.689999580383300781 15.609499931335449219 -9999
13.433300018310546875 14.321100234985351562 15.163299560546875 15.928600311279296875 16.584100723266601562 17.10359954833984375 17.482799530029296875 17.736200332641601562 17.881200790405273438 17.928499221801757812 17.88610076904296875 17.773199081420898438 17.615900039672851562 17.430400848388671875 17.226100921630859375 17.011699676513671875 16.795099258422851562 16.583799362182617188 16.389799118041992188 16.231500625610351562 16.128999710083007812 16.090200424194335938 16.102199554443359375 16.142000198364257812 16.18759918212890625 16.219499588012695312 16.224300384521484375 16.200300216674804688 16.151300430297851562 16.086599349975585938 16.025999069213867188 15.977999687194824219 15.930399894714355469 15.879300117492675781 15.825400352478027344 15.770299911499023438 -9999
14.389599800109863281 15.262999534606933594 16.0821990966796875 16.817399978637695312 17.436100006103515625 17.908599853515625 18.224500656127929688 18.396299362182617188 18.44319915771484375 18.387599945068359375 18.266199111938476562 18.121900558471679688 17.96360015869140625 17.77899932861328125 17.565799713134765625 17.331399917602539062 17.086599349975585938 16.842800140380859375 16.614200592041015625 16.420000076293945312 16.285900115966796875 16.22660064697265625 16.220699310302734375 16.2415008544921875 16.2677001953125 16.280599594116210938 16.263299942016601562 16.2201995849609375 16.157300949096679688 16.084600448608398438 16.0261993408203125 15.992600440979003906 15.963899612426757812 15.93470001220703125 15.903400421142578125 15.869799613952636719 -9999
15.248299598693847656 16.106500625610351562 16.904199600219726562 17.614000320434570312 18.204599380493164062 18.63719940185546875 18.8936004638671875 18.996099472045898438 18.964099884033203125 18.822200775146484375 18.623800277709960938 18.459199905395507812 18.309099197387695312 18.124799728393554688 17.90019989013671875 17.644800186157226562 17.372900009155273438 17.098400115966796875 16.836599349975585938 16.60540008544921875 16.4337005615234375 16.355600357055664062 16.327899932861328125 16.324499130249023438 16.326000213623046875 16.314899444580078125 16.279199600219726562 16.221300125122070312 16.149700164794921875 16.077199935913085938 16.020700454711914062 15.986499786376953125 15.965700149536132812 15.950300216674804688 15.936200141906738281 15.9207000732421875 -9999
16.007799148559570312 16.850500106811523438 17.627399444580078125 18.312900543212890625 18.87779998779296875 19.281000137329101562 19.500200271606445312 19.564100265502929688 19.491399765014648438 19.306400299072265625 19.06060028076171875 18.876300811767578125 18.710100173950195312 18.5027008056640625 18.250600814819335938 17.965200424194335938 17.6623992919921875 17.357900619506835938 17.067899703979492188 16.81150054931640625 16.615400314331054688 16.497499465942382812 16.4337005615234375 16.397800445556640625 16.369600296020507812 16.332700729370117188 16.277299880981445312 16.204900741577148438 16.124700546264648438 16.049600601196289062 15.991700172424316406 15.956000328063964844 15.938799858093261719 15.933099746704101562 15.932700157165527344 15.932999610900878906 -9999
16.66699981689453125 17.494699478149414062 18.251800537109375 18.913299560546875 19.450899124145507812 19.833700180053710938 20.048700332641601562 20.1100006103515625 20.039300918579101562 19.8656005859375 19.637699127197265625 19.412500381469726562 19.18379974365234375 18.921300888061523438 18.620599746704101562 18.292999267578125 17.953699111938476562 17.618200302124023438 17.3022003173828125 17.0233001708984375 16.799900054931640625 16.640499114990234375 16.533899307250976562 16.460500717163085938 16.400699615478515625 16.337099075317382812 16.259000778198242188 16.168199539184570312 16.07559967041015625 15.993599891662597656 15.932200431823730469 15.895999908447265625 15.882800102233886719 15.886099815368652344 15.898599624633789062 15.913900375366210938 -9999
17.226100921630859375 18.040399551391601562 18.78070068359375 19.423700332641601562 19.944799423217773438 20.321500778198242188 20.54470062255859375 20.6240997314453125 20.580900192260742188 20.441600799560546875 20.234699249267578125 19.981800079345703125 19.688299179077148438 19.356100082397460938 18.993999481201171875 18.615800857543945312 18.236200332641601562 17.868299484252929688 17.524700164794921875 17.218799591064453125 16.963300704956054688 16.7639007568359375 16.615400314331054688 16.503900527954101562 16.412599563598632812 16.3227996826171875 16.218799591064453125 16.105100631713867188 15.996600151062011719 15.905400276184082031 15.839900016784667969 15.804900169372558594 15.798100471496582031 15.812000274658203125 15.838199615478515625 15.869000434875488281 -9999
17.685100555419921875 18.488800048828125 19.216600418090820312 19.848300933837890625 20.363500595092773438 20.743600845336914062 20.979600906372070312 21.081699371337890625 21.0718994140625 20.97100067138671875 20.788400650024414062 20.517599105834960938 20.165800094604492188 19.765199661254882812 19.341699600219726562 18.913099288940429688 18.4944000244140625 18.0951995849609375 17.722700119018554688 17.38629913330078125 17.095300674438476562 16.856000900268554688 16.666200637817382812 16.515499114990234375 16.391399383544921875 16.27700042724609375 16.144100189208984375 16.005899429321289062 15.882599830627441406 15.783699989318847656 15.715600013732910156 15.684200286865234375 15.686900138854980469 15.713500022888183594 15.754899978637695312 15.802399635314941406 -9999
18.044000625610351562 18.839799880981445312 19.55879974365234375 20.183599472045898438 20.698200225830078125 21.086500167846679688 21.332700729370117188 21.45149993896484375 21.467899322509765625 21.3983001708984375 21.243999481201171875 20.9636993408203125 20.5587005615234375 20.103900909423828125 19.63330078125 19.164499282836914062 18.714700698852539062 18.28820037841796875 17.88800048828125 17.52050018310546875 17.192600250244140625 16.912700653076171875 16.680200576782226562 16.4860992431640625 16.321199417114257812 16.170900344848632812 16.014799118041992188 15.862400054931640625 15.731200218200683594 15.630100250244140625 15.564700126647949219 15.539799690246582031 15.553000450134277344 15.593899726867675781 15.651900291442871094 15.71739959716796875 -9999
18.302000045776367188 19.093000411987304688 19.805400848388671875 20.4235992431640625 20.934600830078125 21.325899124145507812 21.577999114990234375 21.707500457763671875 21.736400604248046875 21.675600051879882812 21.522899627685546875 21.233900070190429688 20.810699462890625 20.336500167846679688 19.846399307250976562 19.35919952392578125 18.888700485229492188 18.44029998779296875 18.01580047607421875 17.61930084228515625 17.256999969482421875 16.935899734497070312 16.657199859619140625 16.415700912475585938 16.20420074462890625 16.013700485229492188 15.837100028991699219 15.678000450134277344 15.545900344848632812 15.447699546813964844 15.38899993896484375 15.373499870300292969 15.398900032043457031 15.455800056457519531 15.531999588012695312 15.616299629211425781 -9999
18.458200454711914062 19.248300552368164062 19.956800460815429688 20.567600250244140625 21.068599700927734375 21.450399398803710938 21.7071990966796875 21.844999313354492188 21.873699188232421875 21.797700881958007812 21.614200592041015625 21.312999725341796875 20.910600662231445312 20.4524993896484375 19.97100067138671875 19.4850006103515625 19.007699966430664062 18.546400070190429688 18.103399276733398438 17.681299209594726562 17.285900115966796875 16.924200057983398438 16.59980010986328125 16.311000823974609375 16.05419921875 15.826700210571289062 15.629400253295898438 15.465000152587890625 15.335300445556640625 15.242699623107910156 15.191399574279785156 15.186499595642089844 15.227100372314453125 15.302499771118164062 15.397800445556640625 15.500599861145019531 -9999
-9999 18.510599136352539062 19.306100845336914062 20.016599655151367188 20.623399734497070312 21.114400863647460938 21.486499786376953125 21.743099212646484375 21.884799957275390625 21.90670013427734375 21.806100845336914062 21.589899063110351562 21.276599884033203125 20.895099639892578125 20.46920013427734375 20.013500213623046875 19.541799545288085938 19.069200515747070312 18.6053009033203125 18.150800704956054688 17.706600189208984375 17.279100418090820312 16.878499984741210938 16.51219940185546875 16.180299758911132812 15.881899833679199219 15.619999885559082031 15.403599739074707031 15.236300468444824219 15.111200332641601562 15.025300025939941406 14.980600357055664062 14.98509979248046875 15.043399810791015625 15.138600349426269531 15.251999855041503906 15.370900154113769531
-9999 18.454700469970703125 19.265399932861328125 19.989099502563476562 20.60260009765625 21.090099334716796875 21.453399658203125 21.710699081420898438 21.859699249267578125 21.874599456787109375 21.746999740600585938 21.49430084228515625 21.162000656127929688 20.80120086669921875 20.414699554443359375 19.99250030517578125 19.540599822998046875 19.078599929809570312 18.621099472045898438 18.16139984130859375 17.698200225830078125 17.23979949951171875 16.8022003173828125 16.399700164794921875 16.030599594116210938 15.696599960327148438 15.404500007629394531 15.171299934387207031 15.003999710083007812 14.8852996826171875 14.808400154113769531 14.7714996337890625 14.782199859619140625 14.859100341796875 14.9701995849609375 15.096099853515625 15.225999832153320312
-9999 18.280599594116210938 19.118900299072265625 19.873600006103515625 20.514499664306640625 21.016599655151367188 21.37599945068359375 21.639499664306640625 21.805400848388671875 21.812299728393554688 21.655500411987304688 21.364000320434570312 20.999300003051757812 20.663600921630859375 20.315999984741210938 19.927099227905273438 19.497600555419921875 19.047700881958007812 18.601999282836914062 18.137899398803710938 17.657199859619140625 17.172100067138671875 16.702199935913085938 16.26670074462890625 15.864899635314941406 15.502300262451171875 15.190400123596191406 14.946100234985351562 14.774600028991699219 14.663000106811523438 14.599499702453613281 14.578700065612792969 14.605199813842773438 14.685099601745605469 14.798800468444824219 14.927800178527832031 15.061100006103515625
-9999 17.970300674438476562 18.848300933837890625 19.655000686645507812 20.354700088500976562 20.911699295043945312 21.307100296020507812 21.587200164794921875 21.749300003051757812 21.728200912475585938 21.536500930786132812 21.220399856567382812 20.851900100708007812 20.511699676513671875 20.177499771118164062 19.815900802612304688 19.418199539184570312 18.992300033569335938 18.546199798583984375 18.072200775146484375 17.574199676513671875 17.067600250244140625 16.573200225830078125 16.107400894165039062 15.677399635314941406 15.291199684143066406 14.963399887084960938 14.710900306701660156 14.539999961853027344 14.439700126647949219 14.393500328063964844 14.390899658203125 14.429400444030761719 14.50749969482421875 14.614500045776367188 14.737500190734863281 14.866800308227539062
-9999 17.496599197387695312 18.420099258422851562 19.295099258422851562 20.083799362182617188 20.74160003662109375 21.231000900268554688 21.539899826049804688 21.656400680541992188 21.575000762939453125 21.334400177001953125 20.996900558471679688 20.629899978637695312 20.281299591064453125 19.9514007568359375 19.616800308227539062 19.2574005126953125 18.860700607299804688 18.420499801635742188 17.937900543212890625 17.42440032958984375 16.900299072265625 16.38800048828125 15.904000282287597656 15.456000328063964844 15.051899909973144531 14.708499908447265625 14.449899673461914062 14.287699699401855469 14.205900192260742188 14.178600311279296875 14.189200401306152344 14.231800079345703125 14.303799629211425781 14.399200439453125 14.509699821472167969 14.628499984741210938
-9999 16.825099945068359375 17.78639984130859375 18.730499267578125 19.620700836181640625 20.402500152587890625 21.002300262451171875 21.346700668334960938 21.410400390625 21.245100021362304688 20.938800811767578125 20.57180023193359375 20.201799392700195312 19.860500335693359375 19.551900863647460938 19.259099960327148438 18.952699661254882812 18.599000930786132812 18.177700042724609375 17.695299148559570312 17.173700332641601562 16.6399993896484375 16.121999740600585938 15.637599945068359375 15.189299583435058594 14.778599739074707031 14.421400070190429688 14.156399726867675781 14.012599945068359375 13.955900192260742188 13.944499969482421875 13.959300041198730469 13.995699882507324219 14.054800033569335938 14.133000373840332031 14.225000381469726562 14.327799797058105469
-9999 15.920900344848632812 16.893800735473632812 17.882799148559570312 18.857700347900390625 19.760999679565429688 20.485200881958007812 20.87220001220703125 20.862100601196289062 20.592599868774414062 20.216800689697265625 19.826799392700195312 19.467100143432617188 19.153200149536132812 18.889299392700195312 18.6623992919921875 18.435899734497070312 18.15110015869140625 17.764799118041992188 17.29840087890625 16.784900665283203125 16.25569915771484375 15.7490997314453125 15.290200233459472656 14.867600440979003906 14.47299957275390625 14.114899635314941406 13.839300155639648438 13.726099967956542969 13.689200401306152344 13.680500030517578125 13.685799598693847656 13.703200340270996094 13.741000175476074219 13.794599533081054688 13.860899925231933594 13.942000389099121094
-9999 14.759400367736816406 15.697899818420410156 16.678699493408203125 17.681200027465820312 18.658100128173828125 19.502300262451171875 19.947299957275390625 19.821199417114257812 19.45420074462890625 19.038799285888671875 18.658300399780273438 18.340999603271484375 18.078899383544921875 17.88430023193359375 17.748199462890625 17.627300262451171875 17.4449005126953125 17.11669921875 16.69680023193359375 16.220600128173828125 15.722399711608886719 15.24810028076171875 14.842700004577636719 14.471599578857421875 14.1259002685546875 13.812000274658203125 13.568599700927734375 13.447699546813964844 13.392299652099609375 13.361599922180175781 13.343700408935546875 13.335399627685546875 13.341199874877929688 13.358900070190429688 13.390700340270996094 13.444800376892089844
-9999 13.337800025939941406 14.182299613952636719 15.079400062561035156 16.013299942016601562 16.941999435424804688 17.7649993896484375 18.205400466918945312 18.055799484252929688 17.69860076904296875 17.320199966430664062 16.997699737548828125 16.755100250244140625 16.57740020751953125 16.482500076293945312 16.460500717163085938 16.457700729370117188 16.385400772094726562 16.17440032958984375 15.843000411987304688 15.44029998779296875 15.014200210571289062 14.611300468444824219 14.260899543762207031 13.953499794006347656 13.682000160217285156 13.446100234985351562 13.25279998779296875 13.109100341796875 13.005100250244140625 12.932200431823730469 12.883899688720703125 12.848999977111816406 12.817899703979492188 12.791399955749511719 12.782299995422363281 12.806400299072265625
-9999 11.68379974365234375 12.373900413513183594 13.109299659729003906 13.873700141906738281 14.62129974365234375 15.248700141906738281 15.583100318908691406 15.557399749755859375 15.335700035095214844 15.076399803161621094 14.858599662780761719 14.711999893188476562 14.645999908447265625 14.673199653625488281 14.785699844360351562 14.928600311279296875 15.003399848937988281 14.925299644470214844 14.698100090026855469 14.389399528503417969 14.061499595642089844 13.749199867248535156 13.469300270080566406 13.232000350952148438 13.043999671936035156 12.89550018310546875 12.752300262451171875 12.587499618530273438 12.426400184631347656 12.3069000244140625 12.234999656677246094 12.183699607849121094 12.121199607849121094 12.049599647521972656 11.9990997314453125 11.996199607849121094
-9999 9.8570203781127929688 10.344900131225585938 10.86009979248046875 11.388500213623046875 11.893099784851074219 12.305899620056152344 12.548199653625488281 12.601200103759765625 12.5345001220703125 12.433099746704101562 12.350500106811523438 12.316100120544433594 12.353699684143066406 12.4897003173828125 12.733599662780761719 13.044199943542480469 13.300800323486328125 13.354900360107421875 13.215800285339355469 13.004799842834472656 12.79380035400390625 12.590399742126464844 12.387999534606933594 12.215600013732910156 12.104100227355957031 12.046099662780761719 11.96450042724609375 11.766200065612792969 11.540900230407714844 11.385999679565429688 11.31529998779296875 11.279000282287597656 11.199299812316894531 11.086299896240234375 11.004899978637695312 10.989000320434570312
