Files/Velocity/Petterson/SG_velo2001.asc
ncols         36
nrows         66
xllcenter     1615600
yllcenter     7536300
cellsize      20
NODATA_value  -9999
-9999 -9999 -9999 -9999 -9999 -9999 -9999 -9999 -9999 -9999 -9999 -9999 -9999 -9999 -9999 -9999 -9999 -9999 -9999 -9999 -9999 -9999 -9999 -9999 -9999 -9999 -9999 -9999 -9999 -9999 -9999 -9999 -9999 -9999 -9999 -9999 
-9999 -9999 -9999 -9999 -9999 -9999 -9999 -9999 -9999 -9999 -9999 -9999 -9999 -9999 -9999 -9999 -9999 -9999 -9999 -9999 -9999 -9999 -9999 -9999 -9999 -9999 -9999 -9999 -9999 -9999 -9999 -9999 -9999 -9999 -9999 -9999 
-9999 -9999 -9999 -9999 -9999 -9999 -9999 -9999 -9999 -9999 -9999 -9999 -9999 -9999 -9999 -9999 -9999 -9999 -9999 -9999 -9999 -9999 -9999 -9999 -9999 -9999 -9999 -9999 -9999 -9999 -9999 -9999 -9999 -9999 -9999 -9999 
-9999 -9999 -9999 -9999 -9999 -9999 -9999 -9999 -9999 -9999 -9999 -9999 -9999 -9999 -9999 -9999 -9999 -9999 0.000762447 0.000548537 -9999 -9999 -9999 -9999 -9999 -9999 -9999 -9999 -9999 -9999 -9999 -9999 -9999 -9999 -9999 -9999 
-9999 -9999 -9999 -9999 -9999 -9999 -9999 -9999 -9999 -9999 -9999 -9999 -9999 -9999 -9999 -9999 -9999 0.000633003 0.000217873 -9999 -9999 -9999 -9999 -9999 -9999 -9999 -9999 -9999 -9999 -9999 -9999 -9999 -9999 -9999 -9999 -9999 
-9999 -9999 -9999 -9999 -9999 -9999 -9999 -9999 -9999 -9999 -9999 -9999 -9999 -9999 -9999 -9999 -0.000308294 -1.99596E-05 -9999 -9999 -9999 -9999 -9999 -9999 -9999 -9999 -9999 -9999 -9999 -9999 -9999 -9999 -9999 -9999 -9999 -9999 
-9999 -9999 -9999 -9999 -9999 -9999 -9999 -9999 -9999 -9999 -9999 -3.09363E-05 -0.000307395 -8.4973E-05 -0.00241759 -0.00427309 -0.00254333 -0.00020858 -9999 -9999 -9999 -9999 -9999 -9999 -9999 -9999 -9999 -9999 -9999 -9999 -9999 -9999 -9999 -9999 -9999 -9999 
-9999 -9999 -9999 -9999 -9999 -9999 -9999 -9999 -9999 -9999 0.000167304 -0.000920538 -0.00620913 -0.0128042 -0.016658 -0.0139951 -0.00581119 -9999 -9999 -9999 -9999 -9999 -9999 -9999 -9999 -9999 -9999 -9999 -9999 -9999 -9999 -9999 -9999 -9999 -9999 -9999 
-9999 -9999 -9999 -9999 -9999 -9999 -9999 -9999 -9999 -9999 0.000872757 -0.000678709 -0.0104436 -0.0239877 -0.0287876 -0.0213621 -0.00665908 -9999 -9999 -9999 -9999 -9999 -9999 -9999 -9999 0.00143113 0.00795107 0.00463436 -9999 0.00287385 -9999 -9999 0.000627932 0.00155253 -9999 -9999 
-9999 -9999 -9999 -9999 -9999 -9999 -9999 -9999 -9999 -9999 -9999 0.00210596 -0.0059271 -0.0194066 -0.0171943 -0.00779341 0.00149738 -9999 -9999 0.00214161 -9999 -9999 0.00193611 0.00390205 -9999 0.0217028 0.0814281 0.0978032 0.0831019 0.0584037 0.00658383 -9999 -0.00155232 0.0160758 -9999 0.0307224 
-9999 -9999 -9999 -9999 -9999 -9999 -9999 -9999 -9999 -9999 -9999 -9999 -9.69605E-05 0.0314264 0.0682365 0.0783911 0.0484365 -9999 -9999 -9999 -0.000849054 0.00855926 0.0662964 0.12623 0.169913 0.255161 0.341056 0.376665 0.36272 0.311445 0.233497 0.15234 0.159878 0.2049 0.228128 0.272599 
-9999 -9999 -9999 -9999 -9999 0.0022807 -9999 -9999 -9999 -9999 0.0346214 0.0590893 0.112119 0.230783 0.317598 0.340635 0.28986 0.191188 0.0986595 0.0364803 -0.000237754 0.123669 0.341155 0.51949 0.656365 0.771909 0.856838 0.8906 0.872234 0.814364 0.736119 0.669758 0.655303 0.679341 0.710347 0.746256 
-9999 -9999 -9999 -9999 0.00149253 0.0100012 -9999 -9999 0.0274357 0.0891957 0.234859 0.374926 0.523092 0.684844 0.811349 0.866468 0.843338 0.763282 0.661426 0.577895 0.56935 0.727648 0.990748 1.23433 1.42323 1.55581 1.63158 1.65021 1.62057 1.56026 1.49013 1.43258 1.40469 1.4033 1.41412 1.42755 
-9999 -9999 -9999 -9999 0.00180035 0.0308175 0.0244452 0.0532199 0.228025 0.436882 0.676815 0.925459 1.16854 1.39285 1.56916 1.67278 1.7003 1.67049 1.61697 1.58418 1.62686 1.78476 2.02471 2.26975 2.46635 2.59255 2.6471 2.63993 2.5899 2.52203 2.45517 2.39829 2.35631 2.32836 2.30853 2.29016 
-9999 -9999 -9999 -9999 0.0171958 0.151149 0.27128 0.435028 0.692229 1.00505 1.34501 1.69245 2.02741 2.32778 2.56812 2.73091 2.81827 2.8511 2.86167 2.88709 2.96531 3.1204 3.33651 3.56376 3.74609 3.84832 3.87146 3.83129 3.75159 3.66902 3.60046 3.53624 3.47412 3.41521 3.35905 3.30343 
-9999 -9999 -9999 0.102947 0.260978 0.495188 0.749067 1.03596 1.38128 1.77853 2.20772 2.64703 3.072 3.45503 3.7672 3.99072 4.13445 4.22422 4.29174 4.36387 4.46205 4.61258 4.81145 5.0237 5.19257 5.26446 5.25801 5.19073 5.08228 4.98055 4.90267 4.81785 4.72475 4.62756 4.52996 4.43355 
-9999 -9999 0.138288 0.444478 0.755317 1.08809 1.44181 1.82327 2.24788 2.71954 3.22785 3.75202 4.26366 4.72991 5.11548 5.3918 5.57901 5.70723 5.80959 5.91008 6.01587 6.16244 6.34872 6.54534 6.69972 6.76152 6.74685 6.67379 6.56247 6.44489 6.33156 6.20727 6.07029 5.92682 5.78341 5.64428 
-9999 0.208695 0.595212 1.03277 1.46905 1.89802 2.32792 2.77454 3.25737 3.78858 4.36496 4.96634 5.55879 6.1006 6.54808 6.87169 7.087 7.22854 7.33423 7.43338 7.54658 7.6938 7.87355 8.05822 8.20394 8.27625 8.27397 8.2125 8.1094 7.97958 7.82795 7.65422 7.46465 7.26977 7.07879 6.89754 
0.288687 0.781046 1.31939 1.87287 2.40638 2.90719 3.38526 3.86557 4.37871 4.94855 5.57932 6.24955 6.91692 7.52783 8.0283 8.38482 8.60588 8.73311 8.81651 8.89766 9.00511 9.15274 9.33419 9.52204 9.67598 9.76279 9.77666 9.73198 9.64163 9.50657 9.32274 9.09884 8.85496 8.60924 8.37357 8.15451 
1.03853 1.64132 2.29752 2.94878 3.55523 4.09925 4.59333 5.07294 5.58343 6.16585 6.83481 7.5641 8.29962 8.97603 9.52416 9.8925 10.0882 10.1718 10.2111 10.2591 10.3505 10.4964 10.6854 10.8891 11.0641 11.1656 11.189 11.1591 11.0871 10.959 10.7493 10.4779 10.1857 9.89731 9.62577 9.37756 
2.07431 2.7599 3.49927 4.22768 4.88826 5.44982 5.93002 6.37722 6.85048 7.41512 8.10489 8.87843 9.66471 10.3939 10.9837 11.3414 11.476 11.4919 11.473 11.4778 11.5475 11.6892 11.8841 12.1043 12.3075 12.4183 12.4408 12.4214 12.369 12.2633 12.0333 11.7266 11.4042 11.0903 10.7977 10.5328 
3.29722 4.05276 4.85782 5.65125 6.35872 6.91828 7.36654 7.76719 8.17944 8.69202 9.38778 10.1757 10.968 11.7047 12.3149 12.6382 12.6881 12.6386 12.5683 12.5303 12.5783 12.7106 12.8988 13.1156 13.3189 13.4375 13.4724 13.4647 13.4191 13.311 13.0915 12.793 12.4715 12.1553 11.8597 11.5927 
4.62602 5.43822 6.29042 7.12924 7.8816 8.43064 8.86008 9.23589 9.60991 10.0683 10.7263 11.4578 12.178 12.8333 13.3542 13.6219 13.6495 13.5753 13.4821 13.4256 13.4501 13.5579 13.7233 13.9152 14.0934 14.2162 14.2742 14.281 14.2377 14.1271 13.9319 13.6682 13.3727 13.0749 12.7931 12.5376 
5.99975 6.85242 7.72875 8.57597 9.32207 9.90534 10.3608 10.7517 11.1353 11.5794 12.1244 12.7174 13.2898 13.7899 14.1623 14.3544 14.378 14.3068 14.2126 14.1502 14.1558 14.2363 14.373 14.5357 14.6908 14.81 14.8806 14.9004 14.8658 14.7674 14.5992 14.3725 14.1128 13.8455 13.5894 13.3561 
7.37512 8.2543 9.14016 9.98329 10.7277 11.3382 11.8302 12.2507 12.6485 13.0603 13.4932 13.9204 14.3076 14.6248 14.8436 14.9466 14.9437 14.8715 14.7782 14.7094 14.6999 14.7601 14.873 15.0106 15.1452 15.2563 15.3309 15.36 15.3379 15.2587 15.1187 14.9263 14.7035 14.4721 14.2485 14.0438 
8.72153 9.61766 10.508 11.3498 12.0974 12.721 13.2315 13.6684 14.0673 14.4402 14.7668 15.0272 15.2255 15.362 15.4324 15.4431 15.4016 15.3171 15.2163 15.1347 15.1097 15.1572 15.2532 15.3708 15.4868 15.5863 15.6588 15.6912 15.6786 15.6185 15.5055 15.3436 15.1574 14.9639 14.776 14.6031 
10.0159 10.9213 11.812 12.6522 13.4018 14.0203 14.522 14.9496 15.3307 15.665 15.8967 15.9965 16.0259 16.0087 15.9503 15.8766 15.7942 15.6871 15.5712 15.4731 15.4298 15.466 15.5455 15.6448 15.7445 15.8306 15.8921 15.9192 15.9078 15.8573 15.7652 15.6362 15.488 15.3335 15.1823 15.0417 
11.2404 12.1469 13.0295 13.8567 14.593 15.1894 15.6623 16.0533 16.3848 16.6562 16.8001 16.7751 16.6876 16.5676 16.4273 16.2875 16.1531 16.0133 15.8769 15.7662 15.7095 15.7191 15.7756 15.8549 15.9372 16.0068 16.0522 16.0664 16.0477 15.998 15.9213 15.8236 15.7129 15.5967 15.4814 15.372 
12.3821 13.2819 14.1468 14.9454 15.6422 16.2063 16.6409 16.9716 17.2176 17.3777 17.4217 17.3471 17.2074 17.0375 16.8534 16.668 16.4866 16.3101 16.1476 16.0177 15.9411 15.9253 15.9578 16.0167 16.0805 16.1315 16.1576 16.1539 16.1215 16.0669 16.0009 15.9296 15.8532 15.7723 15.69 15.6095 
13.4333 14.3211 15.1633 15.9286 16.5841 17.1036 17.4828 17.7362 17.8812 17.9285 17.8861 17.7732 17.6159 17.4304 17.2261 17.0117 16.7951 16.5838 16.3898 16.2315 16.129 16.0902 16.1022 16.142 16.1876 16.2195 16.2243 16.2003 16.1513 16.0866 16.026 15.978 15.9304 15.8793 15.8254 15.7703 
14.3896 15.263 16.0822 16.8174 17.4361 17.9086 18.2245 18.3963 18.4432 18.3876 18.2662 18.1219 17.9636 17.779 17.5658 17.3314 17.0866 16.8428 16.6142 16.42 16.2859 16.2266 16.2207 16.2415 16.2677 16.2806 16.2633 16.2202 16.1573 16.0846 16.0262 15.9926 15.9639 15.9347 15.9034 15.8698 
15.2483 16.1065 16.9042 17.614 18.2046 18.6372 18.8936 18.9961 18.9641 18.8222 18.6238 18.4592 18.3091 18.1248 17.9002 17.6448 17.3729 17.0984 16.8366 16.6054 16.4337 16.3556 16.3279 16.3245 16.326 16.3149 16.2792 16.2213 16.1497 16.0772 16.0207 15.9865 15.9657 15.9503 15.9362 15.9207 
16.0078 16.8505 17.6274 18.3129 18.8778 19.281 19.5002 19.5641 19.4914 19.3064 19.0606 18.8763 18.7101 18.5027 18.2506 17.9652 17.6624 17.3579 17.0679 16.8115 16.6154 16.4975 16.4337 16.3978 16.3696 16.3327 16.2773 16.2049 16.1247 16.0496 15.9917 15.956 15.9388 15.9331 15.9327 15.933 
16.667 17.4947 18.2518 18.9133 19.4509 19.8337 20.0487 20.11 20.0393 19.8656 19.6377 19.4125 19.1838 18.9213 18.6206 18.293 17.9537 17.6182 17.3022 17.0233 16.7999 16.6405 16.5339 16.4605 16.4007 16.3371 16.259 16.1682 16.0756 15.9936 15.9322 15.896 15.8828 15.8861 15.8986 15.9139 
17.2261 18.0404 18.7807 19.4237 19.9448 20.3215 20.5447 20.6241 20.5809 20.4416 20.2347 19.9818 19.6883 19.3561 18.994 18.6158 18.2362 17.8683 17.5247 17.2188 16.9633 16.7639 16.6154 16.5039 16.4126 16.3228 16.2188 16.1051 15.9966 15.9054 15.8399 15.8049 15.7981 15.812 15.8382 15.869 
17.6851 18.4888 19.2166 19.8483 20.3635 20.7436 20.9796 21.0817 21.0719 20.971 20.7884 20.5176 20.1658 19.7652 19.3417 18.9131 18.4944 18.0952 17.7227 17.3863 17.0953 16.856 16.6662 16.5155 16.3914 16.277 16.1441 16.0059 15.8826 15.7837 15.7156 15.6842 15.6869 15.7135 15.7549 15.8024 
18.044 18.8398 19.5588 20.1836 20.6982 21.0865 21.3327 21.4515 21.4679 21.3983 21.244 20.9637 20.5587 20.1039 19.6333 19.1645 18.7147 18.2882 17.888 17.5205 17.1926 16.9127 16.6802 16.4861 16.3212 16.1709 16.0148 15.8624 15.7312 15.6301 15.5647 15.5398 15.553 15.5939 15.6519 15.7174 
18.302 19.093 19.8054 20.4236 20.9346 21.3259 21.578 21.7075 21.7364 21.6756 21.5229 21.2339 20.8107 20.3365 19.8464 19.3592 18.8887 18.4403 18.0158 17.6193 17.257 16.9359 16.6572 16.4157 16.2042 16.0137 15.8371 15.678 15.5459 15.4477 15.389 15.3735 15.3989 15.4558 15.532 15.6163 
18.4582 19.2483 19.9568 20.5676 21.0686 21.4504 21.7072 21.845 21.8737 21.7977 21.6142 21.313 20.9106 20.4525 19.971 19.485 19.0077 18.5464 18.1034 17.6813 17.2859 16.9242 16.5998 16.311 16.0542 15.8267 15.6294 15.465 15.3353 15.2427 15.1914 15.1865 15.2271 15.3025 15.3978 15.5006 
18.5106 19.3061 20.0166 20.6234 21.1144 21.4865 21.7431 21.8848 21.9067 21.8061 21.5899 21.2766 20.8951 20.4692 20.0135 19.5418 19.0692 18.6053 18.1508 17.7066 17.2791 16.8785 16.5122 16.1803 15.8819 15.62 15.4036 15.2363 15.1112 15.0253 14.9806 14.9851 15.0434 15.1386 15.252 15.3709 
18.4547 19.2654 19.9891 20.6026 21.0901 21.4534 21.7107 21.8597 21.8746 21.747 21.4943 21.162 20.8012 20.4147 19.9925 19.5406 19.0786 18.6211 18.1614 17.6982 17.2398 16.8022 16.3997 16.0306 15.6966 15.4045 15.1713 15.004 14.8853 14.8084 14.7715 14.7822 14.8591 14.9702 15.0961 15.226 
18.2806 19.1189 19.8736 20.5145 21.0166 21.376 21.6395 21.8054 21.8123 21.6555 21.364 20.9993 20.6636 20.316 19.9271 19.4976 19.0477 18.602 18.1379 17.6572 17.1721 16.7022 16.2667 15.8649 15.5023 15.1904 14.9461 14.7746 14.663 14.5995 14.5787 14.6052 14.6851 14.7988 14.9278 15.0611 
17.9703 18.8483 19.655 20.3547 20.9117 21.3071 21.5872 21.7493 21.7282 21.5365 21.2204 20.8519 20.5117 20.1775 19.8159 19.4182 18.9923 18.5462 18.0722 17.5742 17.0676 16.5732 16.1074 15.6774 15.2912 14.9634 14.7109 14.54 14.4397 14.3935 14.3909 14.4294 14.5075 14.6145 14.7375 14.8668 
17.4966 18.4201 19.2951 20.0838 20.7416 21.231 21.5399 21.6564 21.575 21.3344 20.9969 20.6299 20.2813 19.9514 19.6168 19.2574 18.8607 18.4205 17.9379 17.4244 16.9003 16.388 15.904 15.456 15.0519 14.7085 14.4499 14.2877 14.2059 14.1786 14.1892 14.2318 14.3038 14.3992 14.5097 14.6285 
16.8251 17.7864 18.7305 19.6207 20.4025 21.0023 21.3467 21.4104 21.2451 20.9388 20.5718 20.2018 19.8605 19.5519 19.2591 18.9527 18.599 18.1777 17.6953 17.1737 16.64 16.122 15.6376 15.1893 14.7786 14.4214 14.1564 14.0126 13.9559 13.9445 13.9593 13.9957 14.0548 14.133 14.225 14.3278 
15.9209 16.8938 17.8828 18.8577 19.761 20.4852 20.8722 20.8621 20.5926 20.2168 19.8268 19.4671 19.1532 18.8893 18.6624 18.4359 18.1511 17.7648 17.2984 16.7849 16.2557 15.7491 15.2902 14.8676 14.473 14.1149 13.8393 13.7261 13.6892 13.6805 13.6858 13.7032 13.741 13.7946 13.8609 13.942 
14.7594 15.6979 16.6787 17.6812 18.6581 19.5023 19.9473 19.8212 19.4542 19.0388 18.6583 18.341 18.0789 17.8843 17.7482 17.6273 17.4449 17.1167 16.6968 16.2206 15.7224 15.2481 14.8427 14.4716 14.1259 13.812 13.5686 13.4477 13.3923 13.3616 13.3437 13.3354 13.3412 13.3589 13.3907 13.4448 
13.3378 14.1823 15.0794 16.0133 16.942 17.765 18.2054 18.0558 17.6986 17.3202 16.9977 16.7551 16.5774 16.4825 16.4605 16.4577 16.3854 16.1744 15.843 15.4403 15.0142 14.6113 14.2609 13.9535 13.682 13.4461 13.2528 13.1091 13.0051 12.9322 12.8839 12.849 12.8179 12.7914 12.7823 12.8064 
11.6838 12.3739 13.1093 13.8737 14.6213 15.2487 15.5831 15.5574 15.3357 15.0764 14.8586 14.712 14.646 14.6732 14.7857 14.9286 15.0034 14.9253 14.6981 14.3894 14.0615 13.7492 13.4693 13.232 13.044 12.8955 12.7523 12.5875 12.4264 12.3069 12.235 12.1837 12.1212 12.0496 11.9991 11.9962 
9.85702 10.3449 10.8601 11.3885 11.8931 12.3059 12.5482 12.6012 12.5345 12.4331 12.3505 12.3161 12.3537 12.4897 12.7336 13.0442 13.3008 13.3549 13.2158 13.0048 12.7938 12.5904 12.388 12.2156 12.1041 12.0461 11.9645 11.7662 11.5409 11.386 11.3153 11.279 11.1993 11.0863 11.0049 10.989 
7.94286 8.20196 8.46799 8.73442 8.98501 9.19585 9.34834 9.44844 9.52074 9.58246 9.63993 9.70515 9.80861 9.99881 10.3205 10.7719 11.2357 11.4038 11.3272 11.227 11.161 11.0937 10.9611 10.8339 10.7691 10.7679 10.7547 10.5062 10.2425 10.0819 10.0393 10.0618 9.98402 9.85121 9.77354 9.77512 
6.0417 6.06957 6.0864 6.09547 6.10289 6.12423 6.18506 6.31811 6.52321 6.74615 6.93073 7.06112 7.16636 7.318 7.60433 8.06818 8.61878 8.91228 8.98379 9.0449 9.13874 9.21667 9.16158 9.07946 9.02513 8.99522 8.92158 8.72382 8.50642 8.37719 8.35849 8.40172 8.38082 8.32226 8.314 8.37566 
4.25755 4.07473 3.87059 3.65349 3.44389 3.29574 3.26241 3.42405 3.77682 4.16122 4.44803 4.60224 4.63919 4.64672 4.76942 5.09791 5.57993 6.02176 6.33584 6.58996 6.82643 7.00707 7.07573 7.05972 7.00069 6.91043 6.77893 6.61152 6.4626 6.3832 6.38307 6.4366 6.50338 6.58254 6.69695 6.85287 
2.68815 2.33357 1.96595 1.5887 1.2071 0.943541 0.82659 1.01657 1.54816 2.06228 2.40028 2.55514 2.4856 2.26915 2.15368 2.2897 2.71518 3.27947 3.7581 4.14735 4.50118 4.78627 4.95076 4.98843 4.91854 4.76786 4.581 4.42298 4.33724 4.3165 4.34192 4.4214 4.57759 4.79805 5.04744 5.30477 
1.41823 0.943075 0.472405 0.066012 -9999 -9999 -9999 -9999 0.172489 0.576029 0.908686 1.09211 0.965005 0.531338 0.205289 0.164186 0.544675 1.17897 1.65341 2.03365 2.45682 2.81637 3.03678 3.10448 3.01946 2.80707 2.54905 2.38888 2.3831 2.43664 2.48483 2.56711 2.80112 3.15106 3.51139 3.84455 
0.498258 -9999 -9999 -9999 -9999 -9999 -9999 -9999 -9999 -9999 -9999 0.204819 0.199228 -9999 -9999 -9999 -9999 0.0622863 0.337288 0.514982 0.96779 1.31221 1.52581 1.60696 1.51834 1.26497 0.924751 0.75047 0.865729 1.00112 1.07061 1.12329 1.40318 1.82025 2.22167 2.57451 
-9999 -9999 -9999 -9999 -9999 -9999 -9999 -9999 -9999 -9999 -9999 -9999 -9999 -9999 -9999 -9999 -9999 -9999 -9999 -9999 0.219043 0.370764 0.519746 0.616306 0.551123 0.332673 0.0243399 -0.123315 0.0199422 0.173191 0.261579 0.349221 0.573449 0.911175 1.25608 1.56131 
-9999 -9999 -9999 -9999 -9999 -9999 -9999 -9999 -9999 -9999 -9999 -9999 -9999 -9999 -9999 -9999 -9999 -9999 -9999 -9999 -9999 -9999 0.0712925 0.141202 0.100061 -0.00762865 -0.16853 -0.247753 -0.188972 -0.0995067 -0.0353511 0.0329466 0.170392 0.380134 0.612243 0.824772 
-9999 -9999 -9999 -9999 -9999 -9999 -9999 -9999 -9999 -9999 -9999 -9999 -9999 -9999 -9999 -9999 -9999 -9999 -9999 -9999 -9999 -9999 -9999 0.0170388 -9999 -0.00212859 -0.0533259 -0.0899489 -0.0739919 -0.0577124 -0.0387736 -0.0266916 0.0222767 0.116863 0.233402 0.347243 
-9999 -9999 -9999 -9999 -9999 -9999 -9999 -9999 -9999 -9999 -9999 -9999 -9999 -9999 -9999 -9999 -9999 -9999 -9999 -9999 -9999 -9999 -9999 -9999 -9999 -9999 -9999 -9999 -9999 -9999 -9999 -0.00266727 -0.00192034 0.01924 0.0457691 0.0868091 
-9999 -9999 -9999 -9999 -9999 -9999 -9999 -9999 -9999 -9999 -9999 -9999 -9999 -9999 -9999 -9999 -9999 -9999 -9999 -9999 -9999 -9999 -9999 -9999 -9999 -9999 -9999 -9999 -9999 -9999 -9999 -9999 -9999 0.00237358 -9999 -9999 
-9999 -9999 -9999 -9999 -9999 -9999 -9999 -9999 -9999 -9999 -9999 -9999 -9999 -9999 -9999 -9999 -9999 -9999 -9999 -9999 -9999 -9999 -9999 -9999 -9999 -9999 -9999 -9999 -9999 -9999 -9999 -9999 -9999 -9999 -9999 -9999 
-9999 -9999 -9999 -9999 -9999 -9999 -9999 -9999 -9999 -9999 -9999 -9999 -9999 -9999 -9999 -9999 -9999 -9999 -9999 -9999 -9999 -9999 -9999 -9999 -9999 -9999 -9999 -9999 -9999 -9999 -9999 -9999 -9999 -9999 -9999 -9999 
-9999 -9999 -9999 -9999 -9999 -9999 -9999 -9999 -9999 -9999 -9999 -9999 -9999 -9999 -9999 -9999 -9999 -9999 -9999 -9999 -9999 -9999 -9999 -9999 -9999 -9999 -9999 -9999 -9999 -9999 -9999 -9999 -9999 -9999 -9999 -9999 
-9999 -9999 -9999 -9999 -9999 -9999 -9999 -9999 -9999 -9999 -9999 -9999 -9999 -9999 -9999 -9999 -9999 -9999 -9999 -9999 -9999 -9999 -9999 -9999 -9999 -9999 -9999 -9999 -9999 -9999 -9999 -9999 -9999 -9999 -9999 -9999 
-9999 -9999 -9999 -9999 -9999 -9999 -9999 -9999 -9999 -9999 -9999 -9999 -9999 -9999 -9999 -9999 -9999 -9999 -9999 -9999 -9999 -9999 -9999 -9999 -9999 -9999 -9999 -9999 -9999 -9999 -9999 -9999 -9999 -9999 -9999 -9999 
